AE 771 — Nozzle Coordinates
==========================================

RAO NOZZLE
------------------------------------------
      x (in)        y (in)       -y (in)
   -7.283200     10.300000    -10.300000
   -7.159756      9.974393     -9.974393
   -7.036312      9.686592     -9.686592
   -6.912868      9.427119     -9.427119
   -6.789424      9.189983     -9.189983
   -6.665980      8.971112     -8.971112
   -6.542535      8.767585     -8.767585
   -6.419091      8.577223     -8.577223
   -6.295647      8.398344     -8.398344
   -6.172203      8.229623     -8.229623
   -6.048759      8.069988     -8.069988
   -5.925315      7.918563     -7.918563
   -5.801871      7.774616     -7.774616
   -5.678427      7.637530     -7.637530
   -5.554983      7.506780     -7.506780
   -5.431539      7.381912     -7.381912
   -5.308095      7.262536     -7.262536
   -5.184651      7.148306     -7.148306
   -5.061207      7.038922     -7.038922
   -4.937763      6.934114     -6.934114
   -4.814319      6.833646     -6.833646
   -4.690874      6.737303     -6.737303
   -4.567430      6.644895     -6.644895
   -4.443986      6.556249     -6.556249
   -4.320542      6.471209     -6.471209
   -4.197098      6.389633     -6.389633
   -4.073654      6.311391     -6.311391
   -3.950210      6.236366     -6.236366
   -3.826766      6.164450     -6.164450
   -3.703322      6.095543     -6.095543
   -3.579878      6.029556     -6.029556
   -3.456434      5.966405     -5.966405
   -3.332990      5.906011     -5.906011
   -3.209546      5.848305     -5.848305
   -3.086102      5.793220     -5.793220
   -2.962658      5.740697     -5.740697
   -2.839213      5.690677     -5.690677
   -2.715769      5.643111     -5.643111
   -2.592325      5.597949     -5.597949
   -2.468881      5.555147     -5.555147
   -2.345437      5.514664     -5.514664
   -2.221993      5.476462     -5.476462
   -2.098549      5.440505     -5.440505
   -1.975105      5.406762     -5.406762
   -1.851661      5.375202     -5.375202
   -1.728217      5.345797     -5.345797
   -1.604773      5.318524     -5.318524
   -1.481329      5.293358     -5.293358
   -1.357885      5.270279     -5.270279
   -1.234441      5.249268     -5.249268
   -1.110997      5.230308     -5.230308
   -0.987553      5.213384     -5.213384
   -0.864108      5.198481     -5.198481
   -0.740664      5.185589     -5.185589
   -0.617220      5.174697     -5.174697
   -0.493776      5.165797     -5.165797
   -0.370332      5.158882     -5.158882
   -0.246888      5.153946     -5.153946
   -0.123444      5.150986     -5.150986
    0.000000      5.150000     -5.150000
    0.000000      5.150000     -5.150000
    0.029650      5.150223     -5.150223
    0.059300      5.150894     -5.150894
    0.088950      5.152012     -5.152012
    0.118600      5.153578     -5.153578
    0.148250      5.155594     -5.155594
    0.177900      5.158060     -5.158060
    0.207550      5.160979     -5.160979
    0.237200      5.164352     -5.164352
    0.266850      5.168182     -5.168182
    0.296500      5.172472     -5.172472
    0.326150      5.177224     -5.177224
    0.355800      5.182442     -5.182442
    0.385450      5.188130     -5.188130
    0.415100      5.194292     -5.194292
    0.444750      5.200932     -5.200932
    0.474400      5.208056     -5.208056
    0.504050      5.215668     -5.215668
    0.533700      5.223776     -5.223776
    0.563350      5.232385     -5.232385
    0.593000      5.241501     -5.241501
    0.622650      5.251134     -5.251134
    0.652300      5.261290     -5.261290
    0.681950      5.271978     -5.271978
    0.711600      5.283208     -5.283208
    0.741250      5.294989     -5.294989
    0.770900      5.307332     -5.307332
    0.800550      5.320250     -5.320250
    0.830200      5.333754     -5.333754
    0.859850      5.347857     -5.347857
    0.889500      5.362575     -5.362575
    0.919150      5.377923     -5.377923
    0.948800      5.393917     -5.393917
    0.978450      5.410577     -5.410577
    1.008100      5.427920     -5.427920
    1.037750      5.445970     -5.445970
    1.067400      5.464748     -5.464748
    1.097050      5.484281     -5.484281
    1.126700      5.504595     -5.504595
    1.156350      5.525721     -5.525721
    1.156350      5.525721     -5.525721
    1.433351      5.725780     -5.725780
    1.713637      5.925840     -5.925840
    1.997208      6.125899     -6.125899
    2.284064      6.325959     -6.325959
    2.574205      6.526018     -6.526018
    2.867632      6.726078     -6.726078
    3.164343      6.926137     -6.926137
    3.464340      7.126197     -7.126197
    3.767622      7.326256     -7.326256
    4.074189      7.526315     -7.526315
    4.384041      7.726375     -7.726375
    4.697179      7.926434     -7.926434
    5.013601      8.126494     -8.126494
    5.333309      8.326553     -8.326553
    5.656301      8.526613     -8.526613
    5.982579      8.726672     -8.726672
    6.312142      8.926732     -8.926732
    6.644990      9.126791     -9.126791
    6.981123      9.326851     -9.326851
    7.320542      9.526910     -9.526910
    7.663245      9.726970     -9.726970
    8.009234      9.927029     -9.927029
    8.358508     10.127088    -10.127088
    8.711067     10.327148    -10.327148
    9.066911     10.527207    -10.527207
    9.426040     10.727267    -10.727267
    9.788455     10.927326    -10.927326
   10.154154     11.127386    -11.127386
   10.523139     11.327445    -11.327445
   10.895408     11.527505    -11.527505
   11.270963     11.727564    -11.727564
   11.649803     11.927624    -11.927624
   12.031929     12.127683    -12.127683
   12.417339     12.327743    -12.327743
   12.806034     12.527802    -12.527802
   13.198015     12.727861    -12.727861
   13.593281     12.927921    -12.927921
   13.991832     13.127980    -13.127980
   14.393668     13.328040    -13.328040
   14.798789     13.528099    -13.528099
   15.207195     13.728159    -13.728159
   15.618887     13.928218    -13.928218
   16.033863     14.128278    -14.128278
   16.452125     14.328337    -14.328337
   16.873672     14.528397    -14.528397
   17.298504     14.728456    -14.728456
   17.726621     14.928515    -14.928515
   18.158023     15.128575    -15.128575
   18.592710     15.328634    -15.328634
   19.030683     15.528694    -15.528694
   19.471941     15.728753    -15.728753
   19.916483     15.928813    -15.928813
   20.364311     16.128872    -16.128872
   20.815424     16.328932    -16.328932
   21.269823     16.528991    -16.528991
   21.727506     16.729051    -16.729051
   22.188474     16.929110    -16.929110
   22.652728     17.129170    -17.129170
   23.120267     17.329229    -17.329229
   23.591091     17.529288    -17.529288
   24.065200     17.729348    -17.729348
   24.542594     17.929407    -17.929407
   25.023273     18.129467    -18.129467
   25.507238     18.329526    -18.329526
   25.994487     18.529586    -18.529586
   26.485022     18.729645    -18.729645
   26.978842     18.929705    -18.929705
   27.475947     19.129764    -19.129764
   27.976337     19.329824    -19.329824
   28.480012     19.529883    -19.529883
   28.986973     19.729943    -19.729943
   29.497218     19.930002    -19.930002
   30.010749     20.130061    -20.130061
   30.527565     20.330121    -20.330121
   31.047666     20.530180    -20.530180
   31.571052     20.730240    -20.730240
   32.097723     20.930299    -20.930299
   32.627679     21.130359    -21.130359
   33.160921     21.330418    -21.330418
   33.697448     21.530478    -21.530478
   34.237259     21.730537    -21.730537
   34.780356     21.930597    -21.930597
   35.326738     22.130656    -22.130656
   35.876406     22.330716    -22.330716
   36.429358     22.530775    -22.530775
   36.985595     22.730834    -22.730834
   37.545118     22.930894    -22.930894
   38.107926     23.130953    -23.130953
   38.674019     23.331013    -23.331013
   39.243397     23.531072    -23.531072
   39.816060     23.731132    -23.731132
   40.392008     23.931191    -23.931191
   40.971242     24.131251    -24.131251
   41.553760     24.331310    -24.331310
   42.139564     24.531370    -24.531370
   42.728653     24.731429    -24.731429
   43.321027     24.931488    -24.931488
   43.916686     25.131548    -25.131548
   44.515630     25.331607    -25.331607
   45.117859     25.531667    -25.531667
   45.723374     25.731726    -25.731726
   46.332174     25.931786    -25.931786
   46.944258     26.131845    -26.131845
   47.559628     26.331905    -26.331905
   48.178283     26.531964    -26.531964
   48.800224     26.732024    -26.732024
   49.425449     26.932083    -26.932083
   50.053960     27.132143    -27.132143
   50.685755     27.332202    -27.332202
   51.320836     27.532261    -27.532261
   51.959202     27.732321    -27.732321
   52.600853     27.932380    -27.932380
   53.245789     28.132440    -28.132440
   53.894010     28.332499    -28.332499
   54.545517     28.532559    -28.532559
   55.200308     28.732618    -28.732618
   55.858385     28.932678    -28.932678
   56.519747     29.132737    -29.132737
   57.184394     29.332797    -29.332797
   57.852326     29.532856    -29.532856
   58.523544     29.732916    -29.732916
   59.198046     29.932975    -29.932975
   59.875833     30.133034    -30.133034
   60.556906     30.333094    -30.333094
   61.241264     30.533153    -30.533153
   61.928907     30.733213    -30.733213
   62.619835     30.933272    -30.933272
   63.314048     31.133332    -31.133332
   64.011547     31.333391    -31.333391
   64.712330     31.533451    -31.533451
   65.416399     31.733510    -31.733510
   66.123753     31.933570    -31.933570
   66.834392     32.133629    -32.133629
   67.548316     32.333689    -32.333689
   68.265525     32.533748    -32.533748
   68.986019     32.733807    -32.733807
   69.709799     32.933867    -32.933867
   70.436863     33.133926    -33.133926
   71.167213     33.333986    -33.333986
   71.900848     33.534045    -33.534045
   72.637768     33.734105    -33.734105
   73.377973     33.934164    -33.934164
   74.121464     34.134224    -34.134224
   74.868239     34.334283    -34.334283
   75.618300     34.534343    -34.534343
   76.371645     34.734402    -34.734402
   77.128276     34.934461    -34.934461
   77.888192     35.134521    -35.134521
   78.651393     35.334580    -35.334580
   79.417880     35.534640    -35.534640
   80.187651     35.734699    -35.734699
   80.960707     35.934759    -35.934759
   81.737049     36.134818    -36.134818
   82.516676     36.334878    -36.334878
   83.299588     36.534937    -36.534937
   84.085785     36.734997    -36.734997
   84.875267     36.935056    -36.935056
   85.668035     37.135116    -37.135116
   86.464087     37.335175    -37.335175
   87.263425     37.535234    -37.535234
   88.066048     37.735294    -37.735294
   88.871955     37.935353    -37.935353
   89.681148     38.135413    -38.135413
   90.493627     38.335472    -38.335472
   91.309390     38.535532    -38.535532
   92.128438     38.735591    -38.735591
   92.950772     38.935651    -38.935651
   93.776391     39.135710    -39.135710
   94.605295     39.335770    -39.335770
   95.437484     39.535829    -39.535829
   96.272958     39.735889    -39.735889
   97.111717     39.935948    -39.935948
   97.953762     40.136007    -40.136007
   98.799091     40.336067    -40.336067
   99.647706     40.536126    -40.536126
  100.499606     40.736186    -40.736186
  101.354791     40.936245    -40.936245
  102.213261     41.136305    -41.136305
  103.075016     41.336364    -41.336364
  103.940056     41.536424    -41.536424
  104.808382     41.736483    -41.736483
  105.679993     41.936543    -41.936543
  106.554888     42.136602    -42.136602
  107.433069     42.336662    -42.336662
  108.314535     42.536721    -42.536721
  109.199287     42.736780    -42.736780
  110.087323     42.936840    -42.936840
  110.978645     43.136899    -43.136899
  111.873251     43.336959    -43.336959
  112.771143     43.537018    -43.537018
  113.672320     43.737078    -43.737078
  114.576782     43.937137    -43.937137
  115.484529     44.137197    -44.137197
  116.395561     44.337256    -44.337256
  117.309879     44.537316    -44.537316
  118.227481     44.737375    -44.737375
  119.148369     44.937434    -44.937434
  120.072542     45.137494    -45.137494
  121.000000     45.337553    -45.337553


CONICAL NOZZLE
------------------------------------------
      x (in)        y (in)       -y (in)
   -7.283200     10.300000    -10.300000
   -7.125868      9.892110     -9.892110
   -6.968536      9.541064     -9.541064
   -6.811204      9.230399     -9.230399
   -6.653873      8.950512     -8.950512
   -6.496541      8.695217     -8.695217
   -6.339209      8.460246     -8.460246
   -6.181877      8.242504     -8.242504
   -6.024545      8.039664     -8.039664
   -5.867214      7.849920     -7.849920
   -5.709882      7.671840     -7.671840
   -5.552550      7.504263     -7.504263
   -5.395218      7.346235     -7.346235
   -5.237886      7.196957     -7.196957
   -5.080554      7.055757     -7.055757
   -4.923223      6.922059     -6.922059
   -4.765891      6.795369     -6.795369
   -4.608559      6.675257     -6.675257
   -4.451227      6.561348     -6.561348
   -4.293895      6.453311     -6.453311
   -4.136564      6.350855     -6.350855
   -3.979232      6.253721     -6.253721
   -3.821900      6.161677     -6.161677
   -3.664568      6.074517     -6.074517
   -3.507236      5.992056     -5.992056
   -3.349905      5.914126     -5.914126
   -3.192573      5.840577     -5.840577
   -3.035241      5.771273     -5.771273
   -2.877909      5.706090     -5.706090
   -2.720577      5.644918     -5.644918
   -2.563245      5.587655     -5.587655
   -2.405914      5.534210     -5.534210
   -2.248582      5.484499     -5.484499
   -2.091250      5.438448     -5.438448
   -1.933918      5.395990     -5.395990
   -1.776586      5.357064     -5.357064
   -1.619255      5.321614     -5.321614
   -1.461923      5.289593     -5.289593
   -1.304591      5.260956     -5.260956
   -1.147259      5.235666     -5.235666
   -0.989927      5.213690     -5.213690
   -0.832596      5.194999     -5.194999
   -0.675264      5.179570     -5.179570
   -0.517932      5.167382     -5.167382
   -0.360600      5.158421     -5.158421
   -0.203268      5.152675     -5.152675
   -0.045936      5.150137     -5.150137
    0.111395      5.150803     -5.150803
    0.268727      5.154675     -5.154675
    0.426059      5.161758     -5.161758
    0.583391      5.172060     -5.172060
    0.740723      5.185595     -5.185595
    0.898054      5.202378     -5.202378
    1.055386      5.222433     -5.222433
    1.212718      5.245784     -5.245784
    1.370050      5.272462     -5.272462
    1.527382      5.302502     -5.302502
    1.684713      5.335944     -5.335944
    1.842045      5.372834     -5.372834
    1.999377      5.413223     -5.413223
    1.999377      5.413223     -5.413223
    2.748119      5.613848     -5.613848
    3.496861      5.814473     -5.814473
    4.245603      6.015097     -6.015097
    4.994345      6.215722     -6.215722
    5.743086      6.416347     -6.416347
    6.491828      6.616972     -6.616972
    7.240570      6.817596     -6.817596
    7.989312      7.018221     -7.018221
    8.738054      7.218846     -7.218846
    9.486796      7.419471     -7.419471
   10.235538      7.620096     -7.620096
   10.984279      7.820720     -7.820720
   11.733021      8.021345     -8.021345
   12.481763      8.221970     -8.221970
   13.230505      8.422595     -8.422595
   13.979247      8.623219     -8.623219
   14.727989      8.823844     -8.823844
   15.476731      9.024469     -9.024469
   16.225472      9.225094     -9.225094
   16.974214      9.425719     -9.425719
   17.722956      9.626343     -9.626343
   18.471698      9.826968     -9.826968
   19.220440     10.027593    -10.027593
   19.969182     10.228218    -10.228218
   20.717924     10.428842    -10.428842
   21.466665     10.629467    -10.629467
   22.215407     10.830092    -10.830092
   22.964149     11.030717    -11.030717
   23.712891     11.231341    -11.231341
   24.461633     11.431966    -11.431966
   25.210375     11.632591    -11.632591
   25.959117     11.833216    -11.833216
   26.707858     12.033841    -12.033841
   27.456600     12.234465    -12.234465
   28.205342     12.435090    -12.435090
   28.954084     12.635715    -12.635715
   29.702826     12.836340    -12.836340
   30.451568     13.036964    -13.036964
   31.200310     13.237589    -13.237589
   31.949051     13.438214    -13.438214
   32.697793     13.638839    -13.638839
   33.446535     13.839464    -13.839464
   34.195277     14.040088    -14.040088
   34.944019     14.240713    -14.240713
   35.692761     14.441338    -14.441338
   36.441503     14.641963    -14.641963
   37.190244     14.842587    -14.842587
   37.938986     15.043212    -15.043212
   38.687728     15.243837    -15.243837
   39.436470     15.444462    -15.444462
   40.185212     15.645087    -15.645087
   40.933954     15.845711    -15.845711
   41.682696     16.046336    -16.046336
   42.431437     16.246961    -16.246961
   43.180179     16.447586    -16.447586
   43.928921     16.648210    -16.648210
   44.677663     16.848835    -16.848835
   45.426405     17.049460    -17.049460
   46.175147     17.250085    -17.250085
   46.923889     17.450710    -17.450710
   47.672630     17.651334    -17.651334
   48.421372     17.851959    -17.851959
   49.170114     18.052584    -18.052584
   49.918856     18.253209    -18.253209
   50.667598     18.453833    -18.453833
   51.416340     18.654458    -18.654458
   52.165082     18.855083    -18.855083
   52.913823     19.055708    -19.055708
   53.662565     19.256333    -19.256333
   54.411307     19.456957    -19.456957
   55.160049     19.657582    -19.657582
   55.908791     19.858207    -19.858207
   56.657533     20.058832    -20.058832
   57.406275     20.259456    -20.259456
   58.155016     20.460081    -20.460081
   58.903758     20.660706    -20.660706
   59.652500     20.861331    -20.861331
   60.401242     21.061956    -21.061956
   61.149984     21.262580    -21.262580
   61.898726     21.463205    -21.463205
   62.647468     21.663830    -21.663830
   63.396209     21.864455    -21.864455
   64.144951     22.065079    -22.065079
   64.893693     22.265704    -22.265704
   65.642435     22.466329    -22.466329
   66.391177     22.666954    -22.666954
   67.139919     22.867579    -22.867579
   67.888661     23.068203    -23.068203
   68.637402     23.268828    -23.268828
   69.386144     23.469453    -23.469453
   70.134886     23.670078    -23.670078
   70.883628     23.870702    -23.870702
   71.632370     24.071327    -24.071327
   72.381112     24.271952    -24.271952
   73.129854     24.472577    -24.472577
   73.878595     24.673201    -24.673201
   74.627337     24.873826    -24.873826
   75.376079     25.074451    -25.074451
   76.124821     25.275076    -25.275076
   76.873563     25.475701    -25.475701
   77.622305     25.676325    -25.676325
   78.371047     25.876950    -25.876950
   79.119788     26.077575    -26.077575
   79.868530     26.278200    -26.278200
   80.617272     26.478824    -26.478824
   81.366014     26.679449    -26.679449
   82.114756     26.880074    -26.880074
   82.863498     27.080699    -27.080699
   83.612240     27.281324    -27.281324
   84.360981     27.481948    -27.481948
   85.109723     27.682573    -27.682573
   85.858465     27.883198    -27.883198
   86.607207     28.083823    -28.083823
   87.355949     28.284447    -28.284447
   88.104691     28.485072    -28.485072
   88.853433     28.685697    -28.685697
   89.602174     28.886322    -28.886322
   90.350916     29.086947    -29.086947
   91.099658     29.287571    -29.287571
   91.848400     29.488196    -29.488196
   92.597142     29.688821    -29.688821
   93.345884     29.889446    -29.889446
   94.094626     30.090070    -30.090070
   94.843367     30.290695    -30.290695
   95.592109     30.491320    -30.491320
   96.340851     30.691945    -30.691945
   97.089593     30.892570    -30.892570
   97.838335     31.093194    -31.093194
   98.587077     31.293819    -31.293819
   99.335819     31.494444    -31.494444
  100.084560     31.695069    -31.695069
  100.833302     31.895693    -31.895693
  101.582044     32.096318    -32.096318
  102.330786     32.296943    -32.296943
  103.079528     32.497568    -32.497568
  103.828270     32.698193    -32.698193
  104.577012     32.898817    -32.898817
  105.325753     33.099442    -33.099442
  106.074495     33.300067    -33.300067
  106.823237     33.500692    -33.500692
  107.571979     33.701316    -33.701316
  108.320721     33.901941    -33.901941
  109.069463     34.102566    -34.102566
  109.818205     34.303191    -34.303191
  110.566946     34.503816    -34.503816
  111.315688     34.704440    -34.704440
  112.064430     34.905065    -34.905065
  112.813172     35.105690    -35.105690
  113.561914     35.306315    -35.306315
  114.310656     35.506939    -35.506939
  115.059398     35.707564    -35.707564
  115.808139     35.908189    -35.908189
  116.556881     36.108814    -36.108814
  117.305623     36.309438    -36.309438
  118.054365     36.510063    -36.510063
  118.803107     36.710688    -36.710688
  119.551849     36.911313    -36.911313
  120.300591     37.111938    -37.111938
  121.049332     37.312562    -37.312562
  121.798074     37.513187    -37.513187
  122.546816     37.713812    -37.713812
  123.295558     37.914437    -37.914437
  124.044300     38.115061    -38.115061
  124.793042     38.315686    -38.315686
  125.541784     38.516311    -38.516311
  126.290525     38.716936    -38.716936
  127.039267     38.917561    -38.917561
  127.788009     39.118185    -39.118185
  128.536751     39.318810    -39.318810
  129.285493     39.519435    -39.519435
  130.034235     39.720060    -39.720060
  130.782977     39.920684    -39.920684
  131.531718     40.121309    -40.121309
  132.280460     40.321934    -40.321934
  133.029202     40.522559    -40.522559
  133.777944     40.723184    -40.723184
  134.526686     40.923808    -40.923808
  135.275428     41.124433    -41.124433
  136.024170     41.325058    -41.325058
  136.772911     41.525683    -41.525683
  137.521653     41.726307    -41.726307
  138.270395     41.926932    -41.926932
  139.019137     42.127557    -42.127557
  139.767879     42.328182    -42.328182
  140.516621     42.528807    -42.528807
  141.265363     42.729431    -42.729431
  142.014104     42.930056    -42.930056
  142.762846     43.130681    -43.130681
  143.511588     43.331306    -43.331306
  144.260330     43.531930    -43.531930
  145.009072     43.732555    -43.732555
  145.757814     43.933180    -43.933180
  146.506556     44.133805    -44.133805
  147.255297     44.334430    -44.334430
  148.004039     44.535054    -44.535054
  148.752781     44.735679    -44.735679
  149.501523     44.936304    -44.936304
  150.250265     45.136929    -45.136929
  150.999007     45.337553    -45.337553
